3716687774
177135906
76975675
752310521
2253019170
1042463288
268334978
2005931216
4020123084
4140893614
1603003537
746757469
4168258158
3432598297
3031911664
1276287016
4110217104
3551430158
3323893082
3794442896
1727904728
2812415794
4166602161
4185185074
3185217436
1697458352
4012467852
1300376244
1602842758
3931573603
1141983412
1798858516
3498725613
3953621646
2532353189
481283929
2808384804
1050073443
3474401376
1507364114
3396227617
2223595004
1352050242
3719774325
788590412
78636821
886481096
1125542016
3578043112
2785525504
2075109757
709449225
3398124859
3556466952
3687318666
306913890
3736960380
2167944754
164598099
636678869
1680355164
3395878800
2067110731
3816974012
775093066
582135994
2398156761
177501128
2964998265
1503270087
4069046473
2262180491
2220922029
254852416
2614511080
680720479
1094573988
2532393247
2553037865
4085903921
667461361
3310781162
4012788295
40583868
935476464
3348194338
2324444281
1103293399
365184160
745461689
3653292739
529843539
1271120854
4261324005
2430791041
1259678455
3629039540
3279120034
1093359897
1739939551
